
                  mean       std    median      5.0%     95.0%     n_eff     r_hat
          D0      0.03      0.03      0.02      0.00      0.07   1331.99      1.00
          E0 107299.54  27015.71 106642.46  64224.54 150528.00    408.02      1.01
          H0      0.06      0.06      0.04      0.00      0.14   1340.81      1.00
          I0     97.66     35.11     92.37     43.16    146.95    357.22      1.01
     beta[0]     24.30      8.52     22.98     11.68     36.67    696.22      1.00
     beta[1]     36.05     13.53     33.80     14.00     54.74    721.81      1.00
     beta[2]     53.47     20.77     50.68     22.48     82.53    665.84      1.00
     beta[3]     78.67     30.67     74.35     34.12    125.05    591.95      1.00
     beta[4]    113.61     44.05    107.19     46.44    181.81    621.47      1.00
     beta[5]    160.37     62.44    150.22     69.83    263.02    580.32      1.00
     beta[6]    219.81     84.73    204.08     94.76    350.27    589.24      1.00
     beta[7]    282.77    102.68    264.34    131.32    437.12    607.03      1.00
     beta[8]    345.96    125.23    323.60    152.88    533.79    498.17      1.00
     beta[9]    386.40    139.92    362.18    182.50    589.23    381.48      1.00
    beta[10]    413.88    155.21    385.51    178.46    635.59    382.91      1.00
    beta[11]    407.31    143.50    386.58    198.07    635.23    380.78      1.00
    beta[12]    399.55    147.71    373.72    160.57    602.60    402.07      1.01
    beta[13]    391.07    142.90    369.30    185.29    616.26    391.23      1.01
    beta[14]    382.80    140.14    362.49    170.33    586.41    345.80      1.01
    beta[15]    387.34    144.55    361.13    166.12    601.32    381.10      1.01
    beta[16]    398.73    151.51    372.68    180.03    623.12    407.26      1.01
    beta[17]    426.23    159.77    406.16    167.77    646.11    312.28      1.01
    beta[18]    472.35    177.96    444.17    212.20    755.00    359.95      1.01
    beta[19]    530.09    201.79    491.00    236.59    854.96    397.67      1.01
    beta[20]    598.56    226.21    562.62    251.11    952.65    329.76      1.01
    beta[21]    672.28    253.85    638.35    277.59   1032.81    305.89      1.00
    beta[22]    760.17    305.97    710.90    299.01   1196.96    334.65      1.00
    beta[23]    844.53    358.18    781.56    333.42   1346.53    332.67      1.00
    beta[24]    904.47    398.04    833.70    331.49   1440.83    304.08      1.00
    beta[25]    954.89    456.60    865.90    341.39   1535.96    269.68      1.00
    beta[26]    996.94    528.08    880.11    317.41   1653.73    276.90      1.00
    beta[27]   1020.81    605.02    885.98    282.12   1700.70    278.61      1.00
    beta[28]   1050.07    641.20    908.80    313.85   1835.56    256.71      1.00
    beta[29]   1074.10    709.08    894.55    246.66   1943.28    233.67      1.00
    beta[30]   1088.57    797.72    899.19    227.09   2027.67    215.42      1.00
    beta[31]   1099.66    854.98    874.48    211.13   2079.30    224.03      1.00
    beta[32]   1099.83    970.94    859.84    186.40   2162.58    227.18      1.00
    beta[33]   1116.44   1009.21    856.54    150.60   2082.23    191.21      1.00
    beta[34]   1137.25   1041.32    862.58    164.98   2316.18    182.67      1.00
    beta[35]   1161.21   1096.85    855.67    149.04   2325.42    162.02      1.00
    beta[36]   1190.54   1176.79    842.82     79.88   2352.03    165.27      1.00
    beta[37]   1211.15   1221.61    865.63    129.82   2397.58    162.90      1.00
    beta[38]   1221.07   1216.30    843.36    112.55   2498.95    167.26      1.00
    beta[39]   1245.46   1258.39    856.56     93.15   2567.00    149.16      1.00
    beta[40]   1254.60   1226.30    887.58    105.20   2575.19    139.64      1.00
    beta[41]   1267.20   1303.32    873.04    103.13   2595.98    129.63      1.00
    beta[42]   1271.08   1329.94    865.79     88.90   2638.77    120.62      1.00
    beta[43]   1284.13   1404.51    869.11     99.74   2790.82    118.91      1.00
    beta[44]   1306.86   1462.67    896.22     78.16   2834.57    109.75      1.00
    beta[45]   1322.01   1489.10    850.43     73.14   2822.70    106.16      1.00
    beta[46]   1329.50   1538.18    869.49     47.46   2875.27    109.15      1.00
    beta[47]   1337.82   1563.04    875.17     45.87   2922.21    102.46      1.00
    beta[48]   1350.73   1600.67    857.17     44.42   2954.09    105.27      1.00
    beta[49]   1360.82   1639.19    862.37     40.23   2890.27    109.77      1.00
    beta[50]   1366.37   1667.38    858.93     49.90   2971.37    111.47      1.00
    beta[51]   1397.54   1746.99    852.88     27.46   2919.45    111.02      1.00
    beta[52]   1415.89   1775.67    867.23     26.67   3206.24    109.39      1.00
    beta[53]   1406.78   1720.79    882.43     18.42   3044.14    105.57      1.00
    beta[54]   1413.94   1738.70    861.81     18.28   3158.21    104.22      1.00
    beta[55]   1420.45   1752.88    876.87     18.54   3145.22    106.20      1.00
    beta[56]   1427.32   1829.15    878.46     27.86   3223.67    112.23      1.00
    beta[57]   1440.04   1803.60    882.01     44.26   3160.08    111.70      1.00
    beta[58]   1432.94   1768.65    875.58     14.18   3104.06    101.89      1.00
    beta[59]   1425.98   1700.26    862.41     35.68   3224.46    100.08      1.00
    beta[60]   1421.52   1648.12    898.75     37.02   3252.22    104.81      1.00
    beta[61]   1439.86   1678.80    861.39      8.74   3367.00    107.91      1.00
    beta[62]   1462.01   1712.63    873.96      7.35   3411.02    105.13      1.00
    beta[63]   1469.74   1752.66    857.09      9.49   3598.01    115.25      1.00
    beta[64]   1475.19   1715.95    874.30      9.02   3641.18    114.07      1.00
    beta[65]   1494.96   1749.26    892.82      8.11   3654.51    109.52      1.00
    beta[66]   1506.45   1769.33    894.97     11.12   3599.17    108.15      1.00
    beta[67]   1503.43   1804.81    859.21      9.05   3755.45    106.67      1.00
    beta[68]   1506.71   1828.56    876.32      7.92   3548.46    107.51      1.00
    beta[69]   1529.61   1907.22    864.91      8.08   3680.00    109.64      1.01
    beta[70]   1525.80   1894.58    870.02      6.14   3712.79    116.29      1.00
    beta[71]   1541.69   1931.63    872.05     10.58   3744.05    115.45      1.01
    beta[72]   1562.35   1980.95    867.33      5.23   3781.05    110.66      1.01
    beta[73]   1549.92   1909.83    841.82      5.87   4043.85    115.57      1.01
    beta[74]   1541.88   1897.59    812.30      6.02   4025.26    121.92      1.01
    beta[75]   1552.82   1867.88    820.99      5.02   3978.76    129.35      1.01
    beta[76]   1551.60   1869.77    855.29      4.85   3876.07    141.92      1.01
    beta[77]   1566.64   1874.71    858.83      4.25   3923.62    151.94      1.01
    beta[78]   1580.73   1919.26    868.37      4.85   4036.72    156.32      1.01
    beta[79]   1609.06   1984.07    862.41      3.67   4096.27    159.25      1.01
    beta[80]   1642.68   2036.88    860.69      2.77   4114.00    171.18      1.01
    beta[81]   1655.57   2075.33    883.16      2.85   4328.26    191.90      1.01
    beta[82]   1701.64   2179.00    880.29      2.33   4323.22    208.42      1.01
       beta0     16.06      4.68     15.98      8.90     23.42    408.13      1.00
  death_prob      0.02      0.01      0.02      0.01      0.04    288.83      1.01
  death_rate      0.09      0.02      0.09      0.07      0.13    760.06      1.00
    det_prob      0.16      0.05      0.16      0.09      0.23    306.46      1.01
  det_prob_d      0.89      0.04      0.89      0.83      0.94   1186.68      1.00
       gamma      0.12      0.03      0.12      0.08      0.16    746.12      1.00
       sigma      0.00      0.00      0.00      0.00      0.00    282.04      1.01

Number of divergences: 136
